2.438834	2.766194	a
2.766194	3.789195	a_a
3.789195	4.042899	a
5.147740	5.516020	E
5.516020	6.539021	E_E
6.539021	6.825461	E
7.946670	8.192190	2
8.192190	9.084246	2_2
9.084246	9.346135	2
10.270927	10.540999	9
10.540999	11.465792	9_9
11.465792	11.629472	9
12.562449	12.791601	i
12.791601	13.601818	i_i
13.601818	13.839154	i
21.000159	21.221127	y
21.221127	21.949504	y_y
21.949504	22.154104	y
29.658837	29.871621	I
29.871621	30.559078	I_I
30.559078	30.706390	I
32.295828	32.423162	Y
32.423162	33.241072	Y_Y
33.241072	33.378562	Y
34.307352	34.552872	u
34.552872	35.183041	u_u
35.183041	35.420377	u
36.369722	36.541586	U
36.541586	37.155386	U_U
37.155386	37.294514	U
38.644875	38.874027	o
38.874027	39.487828	o_o
39.487828	39.766084	o
40.903661	41.173733	O
41.173733	41.795718	O_O
41.795718	42.033054	O
43.792615	43.964479	@
43.964479	44.611016	@_@
44.611016	44.758328	@
46.689753	46.853433	6
46.853433	47.540890	6_6
47.540890	47.704570	6
